Timestamp,SensorName,0,1,2
1411126643915977163,MPU6515 Gyroscope,0.007827759,8.69751E-4,-0.14585876
1411126643930747671,MPU6515 Accelerometer,0.5078888,4.92247,7.6193237
1411126643980094595,MPU6515 Gyroscope,0.06550598,0.41957092,0.12651062
1411126643994926138,MPU6515 Accelerometer,-0.04673767,5.49852,7.7907104
1411126644044242544,MPU6515 Gyroscope,-0.25065613,0.3202362,0.3572235
1411126644059043569,MPU6515 Accelerometer,-0.51805115,5.1248016,9.245117
1411126644108390493,MPU6515 Gyroscope,-0.23249817,0.20487976,0.14039612
1411126644123191519,MPU6515 Accelerometer,-0.82987976,4.658249,9.592651
1411126644172507925,MPU6515 Gyroscope,-0.09150696,0.31489563,0.7203827
1411126644187308950,MPU6515 Accelerometer,-0.37760925,4.782028,8.288208
1411126644236655874,MPU6515 Gyroscope,-0.16200256,0.6161041,0.8325348
1411126644251456899,MPU6515 Accelerometer,0.39363098,4.3083344,7.954956
1411126644300773306,MPU6515 Gyroscope,-0.26667786,0.39393616,0.61143494
1411126644315574331,MPU6515 Accelerometer,-0.37998962,3.4823456,10.359131
1411126644364951772,MPU6515 Gyroscope,0.7341461,0.21235657,0.2162323
1411126644379722280,MPU6515 Accelerometer,-0.099105835,5.043869,7.076599
1411126644429069204,MPU6515 Gyroscope,-0.12889099,0.25828552,0.07524109
1411126644443870229,MPU6515 Accelerometer,-0.58232117,5.012924,9.028503
1411126644603660269,MPU6515 Gyroscope,0.032714844,0.15167236,0.69664
1411126644634116812,MPU6515 Accelerometer,-0.6680145,5.531845,8.5286255
1411126644649741812,MPU6515 Accelerometer,-0.3657074,5.936508,8.521484
1411126644666129751,MPU6515 Accelerometer,-0.23478699,5.36998,8.438171
1411126644695182485,MPU6515 Accelerometer,-0.23002625,3.4799652,8.333435
1411126644670310659,MPU6515 Gyroscope,-0.39927673,-0.22712708,1.3445892
1411126644736961050,MPU6515 Gyroscope,-0.65483093,-0.45907593,1.2553558
1411126644803611440,MPU6515 Gyroscope,-0.9316559,-0.21765137,1.4221191
1411126644870261831,MPU6515 Gyroscope,-0.692276,-0.3149109,1.2673645
1411126644936899616,MPU6515 Gyroscope,-0.06941223,-0.20503235,0.84477234
1411126644946604206,MPU6515 Accelerometer,2.221756,3.1824188,8.326294
1411126644952463581,MPU6515 Accelerometer,2.0003815,3.0538788,8.55719
1411126644957010700,MPU6515 Accelerometer,2.0075226,2.9300995,8.935669
1411126644961954547,MPU6515 Accelerometer,2.1503448,2.9539032,8.819031
1411126644966898395,MPU6515 Accelerometer,2.3479156,3.0015106,8.802368
1411126644971811725,MPU6515 Accelerometer,2.4026642,2.8610687,8.742859
1411126644976755573,MPU6515 Accelerometer,2.4383698,2.6611176,8.911865
1411126644982065631,MPU6515 Accelerometer,2.574051,2.6373138,8.854736
1411126644986612750,MPU6515 Accelerometer,2.7835236,2.682541,8.609558
1411126644991556598,MPU6515 Accelerometer,3.0406036,2.8348846,8.30249
1411126644996469928,MPU6515 Accelerometer,3.2453156,2.9110565,8.019226
1411126645001413776,MPU6515 Accelerometer,3.3881378,3.011032,7.895447
1411126645006357623,MPU6515 Accelerometer,3.4643097,2.9705658,7.576477
1411126645003550006,MPU6515 Gyroscope,-0.018112183,-0.2822113,0.6870575
1411126645011667682,MPU6515 Accelerometer,3.4357452,3.0157928,7.27417
1411126645016214801,MPU6515 Accelerometer,3.3786163,2.9086761,7.1361084
1411126645021158649,MPU6515 Accelerometer,3.164383,2.4159393,6.967102
1411126645026102497,MPU6515 Accelerometer,2.6930695,2.4492645,7.024231
1411126645031015827,MPU6515 Accelerometer,2.2765045,1.9493866,7.647888
1411126645035959674,MPU6515 Accelerometer,2.516922,1.4614105,7.3408203
1411126645041269733,MPU6515 Accelerometer,2.645462,1.6946869,7.645508
1411126645045816852,MPU6515 Accelerometer,3.0977325,1.6899261,7.91687
1411126645050760700,MPU6515 Accelerometer,3.5833282,1.8732147,7.9882813
1411126645055704547,MPU6515 Accelerometer,4.057022,1.9541473,8.250122
1411126645060617877,MPU6515 Accelerometer,4.3045807,2.0112762,8.369141
1411126645065561725,MPU6515 Accelerometer,4.4497833,1.9946136,8.666687
1411126645070871784,MPU6515 Accelerometer,4.4831085,1.8113251,8.926147
1411126645075449420,MPU6515 Accelerometer,4.17128,1.6137543,9.178467
1411126645070200397,MPU6515 Gyroscope,-0.6164551,-0.0995636,0.42892456
1411126645080393268,MPU6515 Accelerometer,3.7880402,1.4399872,9.340332
1411126645085306598,MPU6515 Accelerometer,3.485733,1.470932,9.554565
1411126645090250446,MPU6515 Accelerometer,3.14534,1.4542694,9.77356
1411126645095194293,MPU6515 Accelerometer,2.9358673,1.2924042,9.806885
1411126645100504352,MPU6515 Accelerometer,2.8358917,1.2257538,10.0354
1411126645105081989,MPU6515 Accelerometer,2.766861,1.2686005,10.137756
1411126645109995319,MPU6515 Accelerometer,2.8073273,1.2924042,10.185364
1411126645114939166,MPU6515 Accelerometer,2.9906158,1.3066864,10.371033
1411126645119883014,MPU6515 Accelerometer,3.1739044,1.0638885,10.230591
1411126645124796344,MPU6515 Accelerometer,3.4000397,0.9377289,9.956848
1411126645130106403,MPU6515 Accelerometer,3.5190582,0.93058777,9.930664
1411126645134684039,MPU6515 Accelerometer,3.5571442,1.00914,9.835449
1411126645139597370,MPU6515 Accelerometer,3.5666656,1.1019745,9.571228
1411126645136850788,MPU6515 Gyroscope,-0.56585693,-0.1768341,0.28842163
1411126645144602252,MPU6515 Accelerometer,3.421463,1.1662445,9.337952
1411126645149454547,MPU6515 Accelerometer,3.216751,1.0305634,9.042786
1411126645154398395,MPU6515 Accelerometer,2.8644562,0.93058777,8.849976
1411126645159708454,MPU6515 Accelerometer,2.3931427,0.8353729,8.654785
1411126645164255573,MPU6515 Accelerometer,2.0432281,0.8044281,8.440552
1411126645169199420,MPU6515 Accelerometer,1.6052399,0.8472748,8.216797
1411126645174112750,MPU6515 Accelerometer,1.3933868,0.9924774,8.145386
1411126645179087116,MPU6515 Accelerometer,1.2767487,1.1257782,8.007324
1411126645184000446,MPU6515 Accelerometer,1.2696075,1.2495575,7.973999
1411126645189310504,MPU6515 Accelerometer,1.3838654,1.3090668,8.002563
1411126645193888141,MPU6515 Accelerometer,1.5052643,1.3352509,8.064453
1411126645198801471,MPU6515 Accelerometer,1.6528473,1.2971649,8.281067
1411126645203745319,MPU6515 Accelerometer,1.8194733,1.4471283,8.378662
1411126645208658649,MPU6515 Accelerometer,2.1051178,1.5899506,8.476257
1411126645203501178,MPU6515 Gyroscope,-0.1374054,-0.5558777,0.25541687
1411126645213602497,MPU6515 Accelerometer,2.574051,1.470932,8.397705
1411126645218943073,MPU6515 Accelerometer,2.6145172,1.9017792,8.276306
1411126645223490192,MPU6515 Accelerometer,2.1432037,2.3802338,9.07135
1411126645228403522,MPU6515 Accelerometer,2.1289215,2.2564545,8.961853
1411126645233347370,MPU6515 Accelerometer,1.8861237,2.0636444,8.804749
1411126645238291217,MPU6515 Accelerometer,1.4362335,2.0112762,8.711914
1411126645243204547,MPU6515 Accelerometer,1.0601349,1.9565277,8.516724
1411126645248545123,MPU6515 Accelerometer,0.9601593,2.042221,8.55957
1411126645253092243,MPU6515 Accelerometer,1.1172638,2.0826874,8.42627
1411126645258036090,MPU6515 Accelerometer,1.4052887,2.1112518,8.383423
1411126645262949420,MPU6515 Accelerometer,1.5504913,1.8898773,8.262024
1411126645267923786,MPU6515 Accelerometer,1.6861725,1.7899017,8.340576
1411126645272837116,MPU6515 Accelerometer,2.278885,2.4421234,8.49054
1411126645270151569,MPU6515 Gyroscope,-0.42105103,-0.53204346,0.6134186
1411126645278147174,MPU6515 Accelerometer,2.8287506,2.7182465,8.614319
1411126645282694293,MPU6515 Accelerometer,3.0953522,2.6849213,8.797607
1411126645287638141,MPU6515 Accelerometer,3.1143951,2.542099,9.102295
1411126645292581989,MPU6515 Accelerometer,3.0501251,2.4207,9.207031
1411126645297495319,MPU6515 Accelerometer,3.0406036,2.3254852,9.2022705
1411126645302439166,MPU6515 Accelerometer,2.876358,2.2588348,9.447449
1411126645307749225,MPU6515 Accelerometer,2.709732,2.1540985,9.704529
1411126645312326862,MPU6515 Accelerometer,2.9096832,1.6161346,9.161804
1411126645317270709,MPU6515 Accelerometer,2.4098053,2.073166,9.706909
1411126645322184039,MPU6515 Accelerometer,2.1241608,2.2707367,10.09967
1411126645327127887,MPU6515 Accelerometer,2.350296,2.4373627,10.052063
1411126645332041217,MPU6515 Accelerometer,2.6311798,2.4659271,9.835449
1411126645337351276,MPU6515 Accelerometer,2.7978058,2.1231537,9.573608
1411126645341928913,MPU6515 Accelerometer,2.9834747,1.7541962,9.506958
1411126645336801959,MPU6515 Gyroscope,-0.6327057,-0.45329285,0.9851074
1411126645346842243,MPU6515 Accelerometer,3.4190826,1.5518646,9.426025
1411126645351786090,MPU6515 Accelerometer,4.049881,1.5471039,9.366516
1411126645356729938,MPU6515 Accelerometer,4.647354,1.304306,9.630737
1411126645361643268,MPU6515 Accelerometer,5.5804596,1.6923065,9.859253
1411126645366983844,MPU6515 Accelerometer,6.0684357,1.6780243,10.242493
1411126645371530963,MPU6515 Accelerometer,6.101761,1.3780975,10.604309
1411126645376474811,MPU6515 Accelerometer,5.8494415,1.2971649,10.706665
1411126645381388141,MPU6515 Accelerometer,5.51857,1.2162323,10.789978
1411126645386331989,MPU6515 Accelerometer,5.173416,1.1352997,10.925659
1411126645391275836,MPU6515 Accelerometer,4.659256,0.8853607,10.849487
1411126645396555377,MPU6515 Accelerometer,3.9998932,0.5759125,10.647156
1411126645401133014,MPU6515 Accelerometer,3.4833527,0.12840271,10.102051
1411126645406076862,MPU6515 Accelerometer,2.671646,0.40452576,9.635498
1411126645403452350,MPU6515 Gyroscope,-0.39579773,-0.4818573,1.2490692
1411126645410990192,MPU6515 Accelerometer,1.9004059,0.33073425,9.566467
1411126645415934039,MPU6515 Accelerometer,1.6004791,-0.033462524,9.052307
1411126645420877887,MPU6515 Accelerometer,1.6933136,-0.3072052,8.709534
1411126645426157428,MPU6515 Accelerometer,2.1098785,-0.4309845,8.435791
1411126645430735065,MPU6515 Accelerometer,2.8668365,-0.39527893,8.485779
1411126645435678913,MPU6515 Accelerometer,3.9951324,-0.36671448,9.049927
1411126645440622760,MPU6515 Accelerometer,5.242447,-0.28102112,9.523621
1411126645445627643,MPU6515 Accelerometer,6.2350616,-0.2667389,10.049683
1411126645450479938,MPU6515 Accelerometer,6.9944,-0.28578186,10.5043335
1411126645455789997,MPU6515 Accelerometer,7.5561676,-0.35243225,10.899475
1411126645460337116,MPU6515 Accelerometer,7.822769,-0.4381256,11.004211
1411126645465280963,MPU6515 Accelerometer,7.8489532,-0.6095123,10.987549
1411126645470224811,MPU6515 Accelerometer,7.5990143,-0.6856842,10.823303
1411126645475138141,MPU6515 Accelerometer,6.9467926,-0.6952057,10.344849
1411126645470102741,MPU6515 Gyroscope,-0.13876343,-0.43966675,1.5122833
1411126645480081989,MPU6515 Accelerometer,6.1517487,-0.8094635,9.625977
1411126645485392047,MPU6515 Accelerometer,5.3043365,-1.0570221,9.1380005
1411126645489969684,MPU6515 Accelerometer,4.4259796,-1.2498322,8.792847
1411126645494944049,MPU6515 Accelerometer,3.6404572,-1.3569489,8.357239
1411126645499857379,MPU6515 Accelerometer,2.933487,-1.4021759,8.102539
1411126645504770709,MPU6515 Accelerometer,2.4121857,-1.4712067,7.7264404
1411126645509714557,MPU6515 Accelerometer,2.1908112,-1.5735626,7.5717163
1411126645515024616,MPU6515 Accelerometer,2.4312286,-1.5878448,7.621704
1411126645519571735,MPU6515 Accelerometer,3.2310333,-1.4521637,7.6574097
1411126645524515582,MPU6515 Accelerometer,4.4521637,-1.3498077,8.014465
1411126645529459430,MPU6515 Accelerometer,5.8423004,-1.0165558,8.723816
1411126645534372760,MPU6515 Accelerometer,6.8896637,-0.71424866,9.545044
1411126645539316608,MPU6515 Accelerometer,7.4847565,-0.652359,10.371033
1411126645536753131,MPU6515 Gyroscope,0.15730286,-0.27217102,1.3135986
1411126645544626666,MPU6515 Accelerometer,7.675186,-0.9141998,10.925659
1411126645549173786,MPU6515 Accelerometer,7.5037994,-1.1927032,11.142273
1411126645554117633,MPU6515 Accelerometer,7.360977,-1.345047,11.070862
1411126645559061481,MPU6515 Accelerometer,7.4085846,-1.4235992,10.944702
1411126645564005329,MPU6515 Accelerometer,7.206253,-1.5235748,10.302002
1411126645568949176,MPU6515 Accelerometer,6.832535,-1.4854889,9.292725
1411126645574228717,MPU6515 Accelerometer,6.268387,-1.5354767,8.400085
1411126645578806354,MPU6515 Accelerometer,5.4828644,-1.4783478,7.7669067
1411126645583719684,MPU6515 Accelerometer,4.7830353,-1.5426178,7.2527466
1411126645588663532,MPU6515 Accelerometer,3.9903717,-1.5783234,6.593384
1411126645593607379,MPU6515 Accelerometer,3.2405548,-1.4807281,6.2125244
1411126645598520709,MPU6515 Accelerometer,2.4931183,-1.6354523,5.80072
1411126645603830768,MPU6515 Accelerometer,1.9337311,-2.011551,5.465088
1411126645608377887,MPU6515 Accelerometer,2.240799,-1.6187897,5.4746094
1411126645603403522,MPU6515 Gyroscope,0.33276367,0.122177124,1.0907745
1411126645613321735,MPU6515 Accelerometer,3.1120148,-1.0522614,6.0458984
1411126645618265582,MPU6515 Accelerometer,4.359329,-0.5357208,6.640991
1411126645623239948,MPU6515 Accelerometer,5.5423737,-0.14533997,7.312256
1411126645628153278,MPU6515 Accelerometer,6.28981,0.049850464,7.678833
1411126645633463336,MPU6515 Accelerometer,6.6754303,0.007003784,8.014465
1411126645638010456,MPU6515 Accelerometer,6.60878,-0.3143463,8.485779
1411126645642954303,MPU6515 Accelerometer,6.2279205,-0.6952057,8.8237915
1411126645647898151,MPU6515 Accelerometer,4.8615875,-1.4164581,9.180847
1411126645652841998,MPU6515 Accelerometer,4.1760406,-1.159378,9.016602
1411126645657755329,MPU6515 Accelerometer,4.506912,-0.6785431,9.085632
1411126645663065387,MPU6515 Accelerometer,4.499771,-0.35957336,9.090393
1411126645667643024,MPU6515 Accelerometer,4.0094147,-0.36909485,8.795227
1411126645672556354,MPU6515 Accelerometer,3.3214874,-0.652359,8.400085
1411126645670053913,MPU6515 Gyroscope,0.13420105,0.3876953,0.97714233
1411126645677500202,MPU6515 Accelerometer,2.6811676,-0.8499298,8.10968
1411126645682413532,MPU6515 Accelerometer,2.0955963,-0.799942,7.5669556
1411126645687357379,MPU6515 Accelerometer,1.6623688,-0.7428131,7.0789795
1411126645692697956,MPU6515 Accelerometer,1.612381,-0.5809479,6.6171875
1411126645697245075,MPU6515 Accelerometer,1.6671295,-0.6380768,6.433899
1411126645702188922,MPU6515 Accelerometer,1.9194489,-0.8570709,6.607666
1411126645707132770,MPU6515 Accelerometer,2.1979523,-1.0927277,7.319397
1411126645712046100,MPU6515 Accelerometer,2.543106,-1.1117706,7.8406982
1411126645716989948,MPU6515 Accelerometer,2.9906158,-1.0427399,8.540527
1411126645722300006,MPU6515 Accelerometer,3.311966,-0.96894836,8.897583
1411126645726847125,MPU6515 Accelerometer,3.6761627,-0.8903961,9.19751
1411126645731790973,MPU6515 Accelerometer,3.6690216,-1.0022736,9.595032
1411126645736704303,MPU6515 Accelerometer,3.6023712,-1.0665436,9.816406
1411126645741648151,MPU6515 Accelerometer,4.023697,-1.9496613,9.554565
1411126645736704303,MPU6515 Gyroscope,0.19926453,0.59584045,0.90774536
1411126645746653034,MPU6515 Accelerometer,3.5666656,-1.3569489,9.799744
1411126645751871539,MPU6515 Accelerometer,2.5216827,-2.211502,9.754517
1411126645756449176,MPU6515 Accelerometer,2.8668365,-1.4950104,10.775696
1411126645761393024,MPU6515 Accelerometer,3.3786163,-0.8523102,10.694763
1411126645766306354,MPU6515 Accelerometer,3.6809235,-0.5976105,10.380554
1411126645771250202,MPU6515 Accelerometer,3.2834015,-0.902298,10.109192
1411126645776194049,MPU6515 Accelerometer,2.6597443,-1.2879181,9.790222
1411126645781473590,MPU6515 Accelerometer,2.2741241,-1.6878204,9.395081
1411126645786051227,MPU6515 Accelerometer,2.2146149,-1.7021027,9.314148
1411126645790964557,MPU6515 Accelerometer,2.4740753,-1.5569,9.487915
1411126645795908405,MPU6515 Accelerometer,2.7501984,-1.3926544,9.885437
1411126645800821735,MPU6515 Accelerometer,2.8216095,-1.345047,10.330566
1411126645805765582,MPU6515 Accelerometer,2.914444,-1.3498077,10.820923
1411126645803354694,MPU6515 Gyroscope,0.28814697,0.41453552,0.9011841
1411126645811075641,MPU6515 Accelerometer,2.9668121,-1.3164825,10.923279
1411126645815653278,MPU6515 Accelerometer,3.0596466,-1.2783966,11.31604
1411126645820597125,MPU6515 Accelerometer,3.100113,-1.2450714,11.294617
1411126645825510456,MPU6515 Accelerometer,3.0905914,-1.1808014,11.220825
1411126645830454303,MPU6515 Accelerometer,2.3074493,-2.7589874,9.854492
1411126645835367633,MPU6515 Accelerometer,3.6095123,-2.7066193,10.454346
1411126645840677692,MPU6515 Accelerometer,3.497635,-1.1427155,10.28772
1411126645845255329,MPU6515 Accelerometer,3.0191803,-0.421463,10.904236
1411126645850199176,MPU6515 Accelerometer,2.9572906,-0.18580627,11.163696
1411126645855112506,MPU6515 Accelerometer,2.8596954,-0.40242004,10.935181
1411126645860056354,MPU6515 Accelerometer,2.2550812,-1.2093658,10.540039
1411126645864969684,MPU6515 Accelerometer,1.8837433,-1.7830353,10.67334
1411126645870279743,MPU6515 Accelerometer,2.0027618,-1.825882,10.837585
1411126645874857379,MPU6515 Accelerometer,2.671646,-1.6045074,10.875671
1411126645870005084,MPU6515 Gyroscope,0.5339508,0.6371002,0.6865082
1411126645879770709,MPU6515 Accelerometer,3.459549,-1.3521881,10.751892
1411126645884745075,MPU6515 Accelerometer,4.0141754,-1.1617584,10.435303
1411126645889658405,MPU6515 Accelerometer,4.3045807,-1.2569733,10.294861
1411126645894602252,MPU6515 Accelerometer,4.3617096,-1.2879181,10.118713
1411126645899942829,MPU6515 Accelerometer,4.1879425,-1.3807526,10.037781
1411126645904489948,MPU6515 Accelerometer,3.9618073,-1.4759674,10.040161
1411126645909403278,MPU6515 Accelerometer,3.5738068,-1.4069366,10.0425415
1411126645914377643,MPU6515 Accelerometer,3.0858307,-1.4807281,9.983032
1411126645919290973,MPU6515 Accelerometer,2.683548,-1.3855133,10.09491
1411126645924234821,MPU6515 Accelerometer,2.5978546,-1.1355743,10.16394
1411126645929514362,MPU6515 Accelerometer,2.747818,-0.95228577,9.928284
1411126645934091998,MPU6515 Accelerometer,2.6621246,-1.178421,9.092773
1411126645939005329,MPU6515 Accelerometer,2.8739777,-0.6356964,9.145142
1411126645943949176,MPU6515 Accelerometer,3.0025177,-0.2500763,8.75
1411126645936655475,MPU6515 Gyroscope,0.87358093,0.45939636,0.44070435
1411126645948893024,MPU6515 Accelerometer,2.9001617,-0.2667389,8.645264
1411126645953836872,MPU6515 Accelerometer,2.5692902,-0.5309601,8.519104
1411126645959116413,MPU6515 Accelerometer,2.2336578,-0.6547394,8.469116
1411126645963663532,MPU6515 Accelerometer,1.971817,-0.70710754,8.600037
1411126645968607379,MPU6515 Accelerometer,1.9599152,-0.66664124,8.707153
1411126645973551227,MPU6515 Accelerometer,1.824234,-0.569046,8.81427
1411126645978464557,MPU6515 Accelerometer,1.8266144,-0.50239563,8.795227
1411126645983408405,MPU6515 Accelerometer,1.8408966,-0.4143219,8.809509
1411126645988718463,MPU6515 Accelerometer,1.7361603,-0.5309601,8.835693
1411126645993296100,MPU6515 Accelerometer,1.9289703,-0.671402,8.535767
1411126645998209430,MPU6515 Accelerometer,1.8408966,-1.049881,8.04541
1411126646003122760,MPU6515 Accelerometer,1.5243073,-0.9308624,7.97876
1411126646008066608,MPU6515 Accelerometer,1.3005524,-0.7832794,8.123962
1411126646003305866,MPU6515 Gyroscope,1.1152496,0.27104187,0.30278015
1411126646013010456,MPU6515 Accelerometer,1.464798,-0.6880646,8.116821
1411126646018320514,MPU6515 Accelerometer,1.7313995,-0.45240784,8.040649
1411126646022898151,MPU6515 Accelerometer,2.074173,-0.18580627,7.8478394
1411126646027811481,MPU6515 Accelerometer,2.524063,0.028427124,7.8240356
1411126646032755329,MPU6515 Accelerometer,2.7906647,0.13316345,7.6740723
1411126646037668659,MPU6515 Accelerometer,2.997757,-0.1429596,7.138489
1411126646042612506,MPU6515 Accelerometer,3.3452911,-0.36195374,7.493164
1411126646047983600,MPU6515 Accelerometer,3.7213898,-0.3905182,7.562195
1411126646052500202,MPU6515 Accelerometer,3.7499542,-0.30244446,7.6740723
1411126646057413532,MPU6515 Accelerometer,3.5452423,-0.32148743,7.8478394
1411126646062357379,MPU6515 Accelerometer,2.9882355,-0.55952454,8.038269
1411126646067301227,MPU6515 Accelerometer,2.6216583,-0.5809479,7.7454834
1411126646072214557,MPU6515 Accelerometer,2.5907135,-0.3310089,7.9263916
1411126646077524616,MPU6515 Accelerometer,2.7954254,0.004623413,8.326294
1411126646069956256,MPU6515 Gyroscope,0.55773926,0.026748657,0.28770447
1411126646082102252,MPU6515 Accelerometer,2.7882843,0.07841492,8.583374
1411126646087015582,MPU6515 Accelerometer,2.6764069,0.030807495,8.857117
1411126646091959430,MPU6515 Accelerometer,2.5145416,-0.15010071,8.864258
1411126646096933795,MPU6515 Accelerometer,2.3788605,-0.42384338,8.847595
1411126646101847125,MPU6515 Accelerometer,2.240799,-0.8570709,8.871399
1411126646107157184,MPU6515 Accelerometer,2.3979034,-1.068924,9.228455
1411126646111704303,MPU6515 Accelerometer,2.638321,-1.0879669,9.476013
1411126646116648151,MPU6515 Accelerometer,2.9263458,-0.966568,9.668823
1411126646121591998,MPU6515 Accelerometer,2.9430084,-1.0070343,9.633118
1411126646126505329,MPU6515 Accelerometer,2.8644562,-1.0522614,9.276062
1411126646131449176,MPU6515 Accelerometer,2.6216583,-1.0832062,9.130859
1411126646136728717,MPU6515 Accelerometer,2.286026,-1.0832062,8.997559
1411126646141306354,MPU6515 Accelerometer,2.0598907,-0.99513245,9.340332
1411126646136606647,MPU6515 Gyroscope,-0.5025635,0.048080444,0.02230835
1411126646146219684,MPU6515 Accelerometer,1.721878,-0.92848206,9.366516
1411126646151163532,MPU6515 Accelerometer,1.6147614,-0.8665924,9.476013
1411126646156107379,MPU6515 Accelerometer,1.7361603,-0.72377014,9.766418
1411126646161020709,MPU6515 Accelerometer,1.9789581,-0.7261505,10.430542
1411126646166330768,MPU6515 Accelerometer,2.4050446,-0.7047272,11.070862
1411126646170908405,MPU6515 Accelerometer,2.9501495,-0.57618713,11.565979
1411126646175821735,MPU6515 Accelerometer,3.5904694,-0.4476471,11.856384
1411126646180765582,MPU6515 Accelerometer,3.9070587,-0.4881134,11.9539795
1411126646185739948,MPU6515 Accelerometer,3.9903717,-0.60713196,11.963501
1411126646190622760,MPU6515 Accelerometer,3.883255,-0.6856842,11.9539795
1411126646195932819,MPU6515 Accelerometer,3.6214142,-0.7689972,11.796875
1411126646200510456,MPU6515 Accelerometer,3.3072052,-0.8166046,11.63501
1411126646205423786,MPU6515 Accelerometer,3.0525055,-0.73091125,11.50647
1411126646210367633,MPU6515 Accelerometer,2.940628,-0.46192932,11.292236
1411126646203257038,MPU6515 Gyroscope,-0.5343323,0.16500854,0.012451172
1411126646215311481,MPU6515 Accelerometer,2.8739777,-0.28102112,11.182739
1411126646220255329,MPU6515 Accelerometer,2.8097076,-0.22389221,11.05658
1411126646225534870,MPU6515 Accelerometer,2.7406769,-0.23817444,10.889954
1411126646230112506,MPU6515 Accelerometer,2.7716217,-0.18580627,10.578125
1411126646235056354,MPU6515 Accelerometer,2.793045,-0.13343811,10.359131
1411126646239969684,MPU6515 Accelerometer,2.7835236,-0.09059143,10.106812
1411126646244913532,MPU6515 Accelerometer,2.8001862,0.026046753,9.8949585
1411126646249857379,MPU6515 Accelerometer,2.747818,0.49021912,9.668823
1411126646255167438,MPU6515 Accelerometer,2.369339,0.20457458,9.235596
1411126646259714557,MPU6515 Accelerometer,2.3979034,-0.012039185,8.916626
1411126646264627887,MPU6515 Accelerometer,2.6287994,0.014144897,9.130859
1411126646269571735,MPU6515 Accelerometer,2.8216095,-0.0096588135,9.542664
1411126646274515582,MPU6515 Accelerometer,3.069168,0.007003784,9.833069
1411126646269907428,MPU6515 Gyroscope,-0.07614136,0.5466614,-0.11633301
1411126646279459430,MPU6515 Accelerometer,3.1762848,-0.028701782,9.933044
1411126646284769489,MPU6515 Accelerometer,3.1786652,-0.050125122,9.7473755
1411126646289316608,MPU6515 Accelerometer,3.0501251,-0.06916809,9.595032
1411126646294260456,MPU6515 Accelerometer,2.8216095,-0.026321411,9.866394
1411126646299204303,MPU6515 Accelerometer,2.6787872,-0.06678772,10.130615
1411126646304148151,MPU6515 Accelerometer,2.876358,-0.038223267,10.742371
1411126646309061481,MPU6515 Accelerometer,3.4119415,0.047470093,11.216064
1411126646314371539,MPU6515 Accelerometer,3.3619537,-0.09535217,11.004211
1411126646318949176,MPU6515 Accelerometer,2.9358673,-0.28102112,10.685242
1411126646323893024,MPU6515 Accelerometer,2.6335602,-0.42860413,10.54718
1411126646328806354,MPU6515 Accelerometer,2.985855,-0.15486145,11.011353
1411126646333719684,MPU6515 Accelerometer,2.8073273,-0.078689575,10.92804
1411126646338663532,MPU6515 Accelerometer,2.4669342,-0.23579407,10.813782
1411126646343973590,MPU6515 Accelerometer,1.8837433,-0.31910706,10.601929
1411126646336557819,MPU6515 Gyroscope,-0.058807373,0.1819458,-0.265213
1411126646348581745,MPU6515 Accelerometer,1.4719391,-0.28102112,10.282959
1411126646353464557,MPU6515 Accelerometer,1.233902,-0.07154846,10.016357
1411126646358408405,MPU6515 Accelerometer,1.1672516,0.17362976,9.766418
1411126646363352252,MPU6515 Accelerometer,1.1553497,0.26646423,9.637878
1411126646368265582,MPU6515 Accelerometer,1.0006256,0.3688202,9.414124
1411126646373575641,MPU6515 Accelerometer,0.8054352,0.38072205,9.352234
1411126646378122760,MPU6515 Accelerometer,0.6388092,0.37358093,9.311768
1411126646383066608,MPU6515 Accelerometer,0.4912262,0.4259491,9.39032
1411126646388010456,MPU6515 Accelerometer,0.42219543,0.4330902,9.3498535
1411126646392923786,MPU6515 Accelerometer,0.33174133,0.4997406,9.307007
1411126646397867633,MPU6515 Accelerometer,0.3603058,0.51878357,9.235596
1411126646403177692,MPU6515 Accelerometer,0.4817047,0.56877136,8.94043
1411126646407724811,MPU6515 Accelerometer,0.6792755,0.69255066,8.616699
1411126646403208209,MPU6515 Gyroscope,0.27270508,0.2599182,-0.27357483
1411126646412668659,MPU6515 Accelerometer,0.7483063,0.566391,8.031128
1411126646417581989,MPU6515 Accelerometer,0.85066223,0.2450409,7.807373
1411126646422556354,MPU6515 Accelerometer,1.1029816,0.19981384,7.102783
1411126646427469684,MPU6515 Accelerometer,1.2505646,0.19981384,6.743347
1411126646432779743,MPU6515 Accelerometer,1.4481354,0.06651306,6.845703
1411126646437357379,MPU6515 Accelerometer,1.6504669,0.04508972,7.1289673
1411126646442270709,MPU6515 Accelerometer,1.9194489,0.18315125,7.421753
1411126646447214557,MPU6515 Accelerometer,2.138443,0.4021454,7.4503174
1411126646452158405,MPU6515 Accelerometer,2.2550812,0.5235443,7.652649
1411126646457071735,MPU6515 Accelerometer,2.1622467,0.5402069,7.9906616
1411126646462381793,MPU6515 Accelerometer,1.9456329,0.57829285,8.119202
1411126646466959430,MPU6515 Accelerometer,1.824234,0.6378021,8.000183
1411126646471872760,MPU6515 Accelerometer,1.7813873,0.6473236,7.878784
1411126646476816608,MPU6515 Accelerometer,1.5885773,0.4164276,8.088257
1411126646469858600,MPU6515 Gyroscope,0.017044067,0.45954895,-0.072906494
1411126646481729938,MPU6515 Accelerometer,1.3267365,0.22123718,8.23584
1411126646486673786,MPU6515 Accelerometer,1.0767975,0.0712738,8.2144165
1411126646491983844,MPU6515 Accelerometer,1.0982208,-1.373291E-4,8.152527
1411126646496561481,MPU6515 Accelerometer,1.1148834,-0.038223267,8.093018
1411126646501505329,MPU6515 Accelerometer,1.0363312,-0.031082153,8.10968
1411126646506418659,MPU6515 Accelerometer,0.95539856,-0.054885864,8.181091
1411126646511362506,MPU6515 Accelerometer,0.9911041,-0.026321411,8.459595
1411126646516306354,MPU6515 Accelerometer,1.1291656,-0.0048980713,8.869019
1411126646521616413,MPU6515 Accelerometer,1.0767975,-0.100112915,9.399841
1411126646526163532,MPU6515 Accelerometer,0.8863678,-0.28578186,9.814026
1411126646531107379,MPU6515 Accelerometer,0.45552063,-0.45716858,10.171082
1411126646536020709,MPU6515 Accelerometer,0.21272278,-0.64045715,10.461487
1411126646540934039,MPU6515 Accelerometer,-0.032455444,-0.66664124,10.616211
1411126646536508991,MPU6515 Gyroscope,-0.055984497,-0.06138611,-0.17459106
1411126646545908405,MPU6515 Accelerometer,-0.07292175,-0.7094879,10.661438
1411126646551187946,MPU6515 Accelerometer,-0.056259155,-0.8023224,10.704285
1411126646555765582,MPU6515 Accelerometer,0.04133606,-0.8594513,10.642395
1411126646560678913,MPU6515 Accelerometer,0.26985168,-0.80708313,10.573364
1411126646565622760,MPU6515 Accelerometer,0.45552063,-0.6047516,10.432922
1411126646570536090,MPU6515 Accelerometer,0.45314026,-0.33815002,10.254395
1411126646575479938,MPU6515 Accelerometer,0.4745636,-0.20246887,10.047302
1411126646580789997,MPU6515 Accelerometer,0.5340729,-0.076309204,10.011597
1411126646585367633,MPU6515 Accelerometer,0.78163147,-0.15962219,10.028259
1411126646590311481,MPU6515 Accelerometer,1.0648956,-0.18104553,10.121094
1411126646595224811,MPU6515 Accelerometer,1.2410431,-0.2334137,10.399597
1411126646600168659,MPU6515 Accelerometer,1.2196198,-0.33338928,10.459106
1411126646605081989,MPU6515 Accelerometer,1.0244293,-0.47621155,10.663818
1411126646610392047,MPU6515 Accelerometer,1.022049,-0.64045715,10.678101
1411126646603159381,MPU6515 Gyroscope,-0.16271973,0.33120728,0.038986206
1411126646614939166,MPU6515 Accelerometer,1.0268097,-0.7190094,10.697144
1411126646619883014,MPU6515 Accelerometer,1.003006,-0.83802795,10.668579
1411126646624826862,MPU6515 Accelerometer,1.0529938,-0.883255,10.449585
1411126646629740192,MPU6515 Accelerometer,0.9434967,-0.98561096,10.192505
1411126646634684039,MPU6515 Accelerometer,0.9530182,-1.0641632,9.994934
1411126646639994098,MPU6515 Accelerometer,0.98872375,-1.1522369,9.83783
1411126646644541217,MPU6515 Accelerometer,1.0696564,-1.2236481,9.856873
1411126646649546100,MPU6515 Accelerometer,1.1434479,-1.095108,9.956848
1411126646654398395,MPU6515 Accelerometer,1.0886993,-0.9808502,10.047302
1411126646659342243,MPU6515 Accelerometer,0.83161926,-0.7118683,10.266296
1411126646664286090,MPU6515 Accelerometer,0.6792755,-0.5381012,10.297241
1411126646669596149,MPU6515 Accelerometer,0.61024475,-0.7047272,10.447205
1411126646674143268,MPU6515 Accelerometer,0.83399963,-0.71424866,10.394836
1411126646669809772,MPU6515 Gyroscope,0.21438599,0.34677124,0.0061798096
1411126646679087116,MPU6515 Accelerometer,1.0434723,-0.52619934,10.542419
1411126646684030963,MPU6515 Accelerometer,1.0982208,-0.32862854,10.516235
1411126646688974811,MPU6515 Accelerometer,1.0244293,-0.20722961,10.518616
1411126646693949176,MPU6515 Accelerometer,0.88874817,-0.15248108,10.261536
1411126646699228717,MPU6515 Accelerometer,0.74116516,0.023666382,10.016357
1411126646703775836,MPU6515 Accelerometer,0.5007477,0.37120056,9.814026
1411126646708719684,MPU6515 Accelerometer,0.457901,0.6378021,9.568848
1411126646713633014,MPU6515 Accelerometer,0.61738586,0.81632996,9.566467
1411126646718576862,MPU6515 Accelerometer,0.8220978,0.8520355,9.556946
1411126646723520709,MPU6515 Accelerometer,1.003006,0.69255066,9.735474
1411126646728830768,MPU6515 Accelerometer,1.2053375,0.70207214,10.175842
1411126646733377887,MPU6515 Accelerometer,1.3148346,0.65208435,10.404358
1411126646738291217,MPU6515 Accelerometer,1.4957428,0.6473236,10.494812
1411126646743235065,MPU6515 Accelerometer,1.483841,0.82347107,10.413879
1411126646736460163,MPU6515 Gyroscope,0.4527893,-0.09185791,0.100234985
1411126646748148395,MPU6515 Accelerometer,1.3791046,0.9924774,10.09967
1411126646753122760,MPU6515 Accelerometer,1.4148102,1.0972137,10.0425415
1411126646758402301,MPU6515 Accelerometer,1.4528961,1.1710052,9.956848
1411126646762979938,MPU6515 Accelerometer,1.4481354,1.1329193,10.173462
1411126646767923786,MPU6515 Accelerometer,1.3791046,1.1067352,10.247253
1411126646772837116,MPU6515 Accelerometer,1.2362823,1.047226,10.15918
1411126646777780963,MPU6515 Accelerometer,1.2029572,0.99723816,9.985413
1411126646782694293,MPU6515 Accelerometer,1.0696564,0.89964294,9.997314
1411126646788004352,MPU6515 Accelerometer,0.92207336,0.8710785,9.809265
1411126646792581989,MPU6515 Accelerometer,0.71736145,0.89964294,9.656921
1411126646797525836,MPU6515 Accelerometer,0.52693176,0.90678406,9.435547
1411126646802439166,MPU6515 Accelerometer,0.59358215,0.93296814,9.304626
1411126646807383014,MPU6515 Accelerometer,0.6983185,0.82347107,9.430786
1411126646803110553,MPU6515 Gyroscope,0.134552,0.076553345,0.13838196
1411126646812326862,MPU6515 Accelerometer,0.669754,0.8044281,9.58313
1411126646817606403,MPU6515 Accelerometer,0.74116516,0.7806244,9.754517
1411126646822184039,MPU6515 Accelerometer,0.919693,0.6806488,9.821167
1411126646827127887,MPU6515 Accelerometer,1.112503,0.5164032,9.925903
1411126646832041217,MPU6515 Accelerometer,1.2696075,0.26646423,10.144897
1411126646837015582,MPU6515 Accelerometer,1.3005524,0.052230835,10.332947
1411126646841959430,MPU6515 Accelerometer,1.1720123,-0.14772034,10.321045
1411126646847238971,MPU6515 Accelerometer,1.0553741,-0.18580627,10.130615
1411126646851816608,MPU6515 Accelerometer,0.9506378,-0.10725403,9.766418
1411126646856729938,MPU6515 Accelerometer,0.8220978,-0.059646606,9.523621
1411126646861673786,MPU6515 Accelerometer,0.7364044,-0.076309204,9.514099
1411126646866617633,MPU6515 Accelerometer,0.6316681,-0.19056702,9.414124
1411126646871530963,MPU6515 Accelerometer,0.4912262,-0.25483704,9.623596
1411126646876871539,MPU6515 Accelerometer,0.4650421,-0.2572174,9.780701
1411126646869760944,MPU6515 Gyroscope,-0.24685669,0.18763733,0.21031189
1411126646881418659,MPU6515 Accelerometer,0.4674225,-0.19770813,9.866394
1411126646886331989,MPU6515 Accelerometer,0.5888214,-0.06678772,9.814026
1411126646891275836,MPU6515 Accelerometer,0.84828186,0.06413269,9.58551
1411126646896219684,MPU6515 Accelerometer,1.0886993,0.15696716,9.614075
1411126646901163532,MPU6515 Accelerometer,1.233902,0.17362976,9.759277
1411126646906473590,MPU6515 Accelerometer,1.4243317,0.13554382,9.761658
1411126646911020709,MPU6515 Accelerometer,1.4671783,0.08555603,9.704529
1411126646915964557,MPU6515 Accelerometer,1.400528,0.06651306,9.423645
1411126646920908405,MPU6515 Accelerometer,1.3862457,0.076034546,9.397461
1411126646925852252,MPU6515 Accelerometer,1.317215,0.104599,9.45459
1411126646930765582,MPU6515 Accelerometer,1.1386871,0.15220642,9.535522
1411126646936075641,MPU6515 Accelerometer,1.0315704,0.17362976,9.64502
1411126646940622760,MPU6515 Accelerometer,1.1291656,0.26408386,9.821167
1411126646936411334,MPU6515 Gyroscope,-0.0708313,0.08955383,0.3201294
1411126646945536090,MPU6515 Accelerometer,1.1672516,0.27598572,9.937805
1411126646950571491,MPU6515 Accelerometer,1.1648712,0.23789978,9.949707
1411126646955545856,MPU6515 Accelerometer,1.1577301,0.28074646,9.730713
1411126646960428668,MPU6515 Accelerometer,1.2291412,0.31407166,9.483154
1411126646965647174,MPU6515 Accelerometer,1.3076935,0.31645203,9.3688965
1411126646970194293,MPU6515 Accelerometer,1.2267609,0.3426361,9.26178
1411126646975107623,MPU6515 Accelerometer,1.1529694,0.31645203,9.230835
1411126646980051471,MPU6515 Accelerometer,1.214859,0.28312683,9.26178
1411126646984964801,MPU6515 Accelerometer,1.317215,0.19743347,9.271301
1411126646989908649,MPU6515 Accelerometer,1.3505402,0.016525269,9.380798
1411126646995218707,MPU6515 Accelerometer,1.2029572,-0.14533997,9.545044
1411126646999765827,MPU6515 Accelerometer,1.1339264,-0.16200256,9.740234
1411126647004709674,MPU6515 Accelerometer,1.0268097,-0.1667633,9.868774
1411126647009653522,MPU6515 Accelerometer,0.9339752,-0.16200256,10.023499
1411126647003061725,MPU6515 Gyroscope,-0.013839722,-0.0021820068,0.21403503
1411126647014566852,MPU6515 Accelerometer,0.8054352,-0.1667633,10.047302
1411126647019510700,MPU6515 Accelerometer,0.76020813,-0.2000885,10.171082
1411126647024820758,MPU6515 Accelerometer,0.79115295,-0.2667389,10.230591
1411126647029367877,MPU6515 Accelerometer,0.8220978,-0.19770813,10.313904
1411126647034311725,MPU6515 Accelerometer,0.67689514,-0.18104553,10.187744
1411126647039255573,MPU6515 Accelerometer,0.61738586,-0.15248108,10.080627
1411126647044199420,MPU6515 Accelerometer,0.5150299,-0.17628479,10.018738
1411126647049112750,MPU6515 Accelerometer,0.46028137,-0.18580627,9.90448
1411126647054422809,MPU6515 Accelerometer,0.47218323,-0.15486145,10.013977
1411126647059000446,MPU6515 Accelerometer,0.50312805,-1.373291E-4,10.154419
1411126647063913776,MPU6515 Accelerometer,0.42695618,-0.0025177002,10.061584
1411126647068857623,MPU6515 Accelerometer,0.48646545,-0.040603638,10.080627
1411126647073801471,MPU6515 Accelerometer,0.59358215,-0.08583069,10.049683
1411126647069712116,MPU6515 Gyroscope,-0.13945007,0.115356445,0.1854248
1411126647078714801,MPU6515 Accelerometer,0.6411896,-0.10725403,10.242493
1411126647084024860,MPU6515 Accelerometer,0.79115295,-0.06678772,10.185364
1411126647088602497,MPU6515 Accelerometer,1.0125275,0.0712738,10.080627
1411126647093546344,MPU6515 Accelerometer,1.1029816,0.14030457,10.121094
1411126647098490192,MPU6515 Accelerometer,1.1624908,0.14982605,10.194885
1411126647103403522,MPU6515 Accelerometer,1.0696564,0.12840271,10.116333
1411126647108347370,MPU6515 Accelerometer,0.9673004,0.0879364,10.175842
1411126647113657428,MPU6515 Accelerometer,0.83638,0.04270935,10.237732
1411126647118204547,MPU6515 Accelerometer,0.6649933,0.028427124,10.22345
1411126647123148395,MPU6515 Accelerometer,0.49598694,0.06889343,10.178223
1411126647128061725,MPU6515 Accelerometer,0.50312805,0.11412048,9.96637
1411126647133005573,MPU6515 Accelerometer,0.6078644,0.104599,9.899719
1411126647137949420,MPU6515 Accelerometer,0.80067444,0.14982605,9.864014
1411126647143228961,MPU6515 Accelerometer,0.89112854,0.16648865,9.821167
1411126647136362506,MPU6515 Gyroscope,-0.10168457,0.06655884,0.012893677
1411126647147806598,MPU6515 Accelerometer,0.99824524,0.095077515,10.059204
1411126647152750446,MPU6515 Accelerometer,1.1482086,-0.016799927,10.22583
1411126647157663776,MPU6515 Accelerometer,1.2838898,-0.21437073,10.485291
1411126647162607623,MPU6515 Accelerometer,1.2481842,-0.41194153,10.770935
1411126647167551471,MPU6515 Accelerometer,1.2220001,-0.6856842,10.918518
1411126647172831012,MPU6515 Accelerometer,1.1767731,-0.8404083,11.025635
1411126647177408649,MPU6515 Accelerometer,0.96492004,-0.8856354,10.899475
1411126647182321979,MPU6515 Accelerometer,0.8387604,-0.87849426,10.785217
1411126647187265827,MPU6515 Accelerometer,0.72450256,-0.799942,10.573364
1411126647192209674,MPU6515 Accelerometer,0.69117737,-0.7951813,10.478149
1411126647197123004,MPU6515 Accelerometer,0.7768707,-0.7594757,10.328186
1411126647202433063,MPU6515 Accelerometer,0.72450256,-0.7285309,10.299622
1411126647207010700,MPU6515 Accelerometer,0.67689514,-0.5523834,10.247253
1411126647203012897,MPU6515 Gyroscope,-0.17915344,0.07827759,-0.13569641
1411126647211924030,MPU6515 Accelerometer,0.7054596,-0.40480042,10.135376
1411126647216867877,MPU6515 Accelerometer,0.7459259,-0.26197815,10.106812
1411126647221811725,MPU6515 Accelerometer,0.71022034,-0.1834259,10.378174
1411126647226755573,MPU6515 Accelerometer,0.5792999,-0.1429596,10.5448
1411126647232035114,MPU6515 Accelerometer,0.53645325,-0.04774475,10.80426
1411126647236612750,MPU6515 Accelerometer,0.57691956,0.06651306,10.906616
1411126647241556598,MPU6515 Accelerometer,0.5483551,0.14268494,10.99707
1411126647246469928,MPU6515 Accelerometer,0.5245514,0.20457458,10.780457
1411126647251474811,MPU6515 Accelerometer,0.4983673,0.24266052,10.473389
1411126647256327106,MPU6515 Accelerometer,0.52931213,0.24742126,10.132996
1411126647261637164,MPU6515 Accelerometer,0.51979065,0.28788757,9.84259
1411126647266214801,MPU6515 Accelerometer,0.5483551,0.3093109,9.587891
1411126647271158649,MPU6515 Accelerometer,0.6221466,0.34501648,9.423645
1411126647276071979,MPU6515 Accelerometer,0.61738586,0.34501648,9.223694
1411126647269663288,MPU6515 Gyroscope,0.0990448,-0.0107421875,-0.12561035
1411126647281015827,MPU6515 Accelerometer,0.56025696,0.40452576,9.095154
1411126647285929157,MPU6515 Accelerometer,0.5316925,0.41404724,9.021362
1411126647291239215,MPU6515 Accelerometer,0.5483551,0.49497986,9.06897
1411126647295816852,MPU6515 Accelerometer,0.63404846,0.51164246,9.159424
1411126647300760700,MPU6515 Accelerometer,0.6649933,0.42832947,9.32843
1411126647305704547,MPU6515 Accelerometer,0.7483063,0.30693054,9.45459
1411126647310617877,MPU6515 Accelerometer,0.6816559,0.19743347,9.654541
1411126647315561725,MPU6515 Accelerometer,0.56025696,0.073654175,9.973511
1411126647320871784,MPU6515 Accelerometer,0.36268616,0.009384155,10.135376
1411126647325418903,MPU6515 Accelerometer,0.14131165,0.014144897,10.140137
1411126647330362750,MPU6515 Accelerometer,0.11036682,-0.021560669,9.963989
1411126647335306598,MPU6515 Accelerometer,0.117507935,-0.012039185,9.754517
1411126647340219928,MPU6515 Accelerometer,0.21748352,-0.033462524,9.502197
1411126647336313678,MPU6515 Gyroscope,-0.056793213,-0.080337524,-0.12864685
1411126647345163776,MPU6515 Accelerometer,0.33650208,-0.059646606,9.376038
1411126647350473834,MPU6515 Accelerometer,0.4079132,-0.033462524,9.195129
1411126647355020954,MPU6515 Accelerometer,0.47694397,-0.031082153,9.123718
1411126647359964801,MPU6515 Accelerometer,0.61024475,0.06413269,9.164185
1411126647364908649,MPU6515 Accelerometer,0.72450256,0.0712738,9.228455
1411126647369852497,MPU6515 Accelerometer,0.75068665,0.014144897,9.354614
1411126647374765827,MPU6515 Accelerometer,0.77211,0.016525269,9.52124
1411126647380075885,MPU6515 Accelerometer,0.7459259,0.026046753,9.666443
1411126647384623004,MPU6515 Accelerometer,0.7387848,-0.0048980713,9.654541
1411126647389566852,MPU6515 Accelerometer,0.6864166,-0.028701782,9.742615
1411126647394510700,MPU6515 Accelerometer,0.7197418,-0.126297,9.7473755
1411126647399454547,MPU6515 Accelerometer,0.69117737,-0.13819885,9.637878
1411126647404367877,MPU6515 Accelerometer,0.60072327,-0.14772034,9.414124
1411126647409677936,MPU6515 Accelerometer,0.72450256,-0.123916626,9.356995
1411126647402964069,MPU6515 Gyroscope,-0.12155151,-0.06524658,-0.08088684
1411126647414255573,MPU6515 Accelerometer,0.76734924,-0.18818665,9.316528
1411126647419168903,MPU6515 Accelerometer,0.7697296,-0.15248108,9.271301
1411126647424112750,MPU6515 Accelerometer,0.7697296,-0.19056702,9.19989
1411126647429056598,MPU6515 Accelerometer,0.7863922,-0.13581848,9.149902
1411126647433969928,MPU6515 Accelerometer,0.8530426,-0.102493286,9.014221
1411126647439279987,MPU6515 Accelerometer,0.83161926,-0.0048980713,8.869019
1411126647443857623,MPU6515 Accelerometer,0.7625885,0.052230835,8.921387
1411126647448770954,MPU6515 Accelerometer,0.7054596,0.030807495,8.790466
1411126647453714801,MPU6515 Accelerometer,0.65309143,0.007003784,8.859497
1411126647458658649,MPU6515 Accelerometer,0.6578522,-0.028701782,9.00708
1411126647463571979,MPU6515 Accelerometer,0.6411896,-0.052505493,9.159424
1411126647468882038,MPU6515 Accelerometer,0.70069885,-0.062026978,9.290344
1411126647473459674,MPU6515 Accelerometer,0.69355774,0.04032898,9.397461
1411126647469614459,MPU6515 Gyroscope,0.052719116,-0.08085632,-0.0013275146
1411126647478373004,MPU6515 Accelerometer,0.6745148,0.04508972,9.430786
1411126647483316852,MPU6515 Accelerometer,0.753067,0.04032898,9.502197
1411126647488260700,MPU6515 Accelerometer,0.8268585,-0.014419556,9.556946
1411126647493204547,MPU6515 Accelerometer,0.85066223,-0.123916626,9.545044
1411126647498484088,MPU6515 Accelerometer,0.89112854,-0.16200256,9.5164795
1411126647503061725,MPU6515 Accelerometer,0.9292145,-0.20722961,9.461731
1411126647508005573,MPU6515 Accelerometer,0.9125519,-0.24055481,9.528381
1411126647512918903,MPU6515 Accelerometer,0.9363556,-0.30958557,9.559326
1411126647517862750,MPU6515 Accelerometer,0.8958893,-0.25245667,9.661682
1411126647522776081,MPU6515 Accelerometer,0.9125519,-0.39289856,9.740234
1411126647528086139,MPU6515 Accelerometer,0.9863434,-0.3905182,9.480774
1411126647532663776,MPU6515 Accelerometer,1.0625153,-0.22627258,9.121338
1411126647537577106,MPU6515 Accelerometer,1.1767731,-0.16914368,9.00708
1411126647542520954,MPU6515 Accelerometer,1.1601105,-0.13343811,9.109436
1411126647536264850,MPU6515 Gyroscope,0.10987854,-0.0046691895,0.05278015
1411126647547464801,MPU6515 Accelerometer,1.1767731,-0.2334137,9.226074
1411126647552469684,MPU6515 Accelerometer,1.2100983,-0.32624817,9.268921
1411126647557688190,MPU6515 Accelerometer,1.1886749,-0.38813782,9.290344
1411126647562265827,MPU6515 Accelerometer,1.1601105,-0.38575745,9.280823
1411126647567179157,MPU6515 Accelerometer,1.2386627,-0.45954895,9.32843
1411126647572123004,MPU6515 Accelerometer,1.2577057,-0.4643097,9.373657
1411126647577066852,MPU6515 Accelerometer,1.2243805,-0.45954895,9.545044
1411126647582010700,MPU6515 Accelerometer,1.1886749,-0.46669006,9.942566
1411126647587290241,MPU6515 Accelerometer,1.0958405,-0.51667786,10.090149
1411126647591867877,MPU6515 Accelerometer,1.0553741,-0.5476227,10.280579
1411126647596811725,MPU6515 Accelerometer,1.0006256,-0.43336487,10.240112
1411126647601725055,MPU6515 Accelerometer,0.9601593,-0.40480042,10.15918
1411126647606668903,MPU6515 Accelerometer,1.0101471,-0.30244446,9.980652
1411126647602915241,MPU6515 Gyroscope,0.045166016,0.038146973,0.051208496
1411126647611612750,MPU6515 Accelerometer,0.95777893,-0.21913147,9.844971
1411126647616892291,MPU6515 Accelerometer,0.8863678,-0.20484924,9.77356
1411126647621469928,MPU6515 Accelerometer,0.8673248,-0.1834259,9.77356
1411126647626413776,MPU6515 Accelerometer,0.84114075,-0.2000885,9.790222
1411126647631327106,MPU6515 Accelerometer,0.8697052,-0.22865295,9.937805
1411126647636270954,MPU6515 Accelerometer,0.79115295,-0.21199036,10.044922
1411126647641214801,MPU6515 Accelerometer,0.64356995,-0.16200256,10.061584
1411126647646494342,MPU6515 Accelerometer,0.6221466,-0.15248108,10.152039
1411126647651071979,MPU6515 Accelerometer,0.63404846,-0.24055481,10.140137
1411126647656015827,MPU6515 Accelerometer,0.69117737,-0.2667389,10.187744
1411126647660929157,MPU6515 Accelerometer,0.66737366,-0.26911926,10.221069
1411126647665873004,MPU6515 Accelerometer,0.6792755,-0.31196594,10.142517
1411126647670816852,MPU6515 Accelerometer,0.7149811,-0.2834015,10.016357
1411126647676126911,MPU6515 Accelerometer,0.688797,-0.33338928,9.897339
1411126647669565631,MPU6515 Gyroscope,0.09725952,0.04573059,0.019515991
1411126647680674030,MPU6515 Accelerometer,0.7316437,-0.3072052,9.790222
1411126647685617877,MPU6515 Accelerometer,0.688797,-0.22151184,9.790222
1411126647690531207,MPU6515 Accelerometer,0.7221222,-0.20722961,9.806885
1411126647695505573,MPU6515 Accelerometer,0.66023254,-0.19056702,9.835449
1411126647700418903,MPU6515 Accelerometer,0.65309143,-0.16438293,9.806885
1411126647705728961,MPU6515 Accelerometer,0.64356995,-0.16438293,9.885437
1411126647710306598,MPU6515 Accelerometer,0.61024475,-0.13819885,9.928284
1411126647715219928,MPU6515 Accelerometer,0.6292877,-0.097732544,9.987793
1411126647720163776,MPU6515 Accelerometer,0.5912018,-0.06916809,9.871155
1411126647725077106,MPU6515 Accelerometer,0.55311584,-0.11439514,9.230835
1411126647730020954,MPU6515 Accelerometer,0.6483307,-0.057266235,8.985657
1411126647735331012,MPU6515 Accelerometer,0.7959137,-0.0072784424,8.94281
1411126647739878131,MPU6515 Accelerometer,0.90541077,-0.0096588135,9.178467
1411126647736216022,MPU6515 Gyroscope,0.09301758,0.029022217,-0.043701172
1411126647744821979,MPU6515 Accelerometer,0.83638,-0.04536438,9.464111
1411126647749765827,MPU6515 Accelerometer,0.7126007,-0.121536255,9.780701
1411126647754679157,MPU6515 Accelerometer,0.64356995,-0.27626038,9.96637
1411126647759623004,MPU6515 Accelerometer,0.66737366,-0.3143463,10.199646
1411126647764933063,MPU6515 Accelerometer,0.79115295,-0.22627258,10.394836
1411126647769480182,MPU6515 Accelerometer,0.91493225,-0.07392883,10.628113
1411126647774424030,MPU6515 Accelerometer,0.9506378,-0.035842896,10.809021
1411126647779367877,MPU6515 Accelerometer,0.92445374,-0.016799927,11.016113
1411126647784281207,MPU6515 Accelerometer,0.8697052,-0.028701782,11.104187
1411126647789225055,MPU6515 Accelerometer,0.83399963,0.002243042,10.920898
1411126647794535114,MPU6515 Accelerometer,0.85066223,-0.040603638,10.701904
1411126647799082233,MPU6515 Accelerometer,0.7959137,-0.06678772,10.440063
1411126647804026081,MPU6515 Accelerometer,0.78401184,-0.08583069,10.059204
1411126647808969928,MPU6515 Accelerometer,0.7197418,-0.08106995,9.704529
1411126647802866413,MPU6515 Gyroscope,-0.025772095,0.0019989014,-0.039627075
1411126647813913776,MPU6515 Accelerometer,0.68403625,-0.0072784424,9.311768
1411126647818827106,MPU6515 Accelerometer,0.605484,0.22123718,9.002319
1411126647824137164,MPU6515 Accelerometer,0.6316681,0.32121277,8.928528
1411126647828714801,MPU6515 Accelerometer,0.6150055,0.18791199,9.114197
1411126647833658649,MPU6515 Accelerometer,0.6126251,0.030807495,9.652161
1411126647838571979,MPU6515 Accelerometer,0.605484,-0.07154846,10.1901245
1411126647843515827,MPU6515 Accelerometer,0.5388336,-0.09059143,10.509094
1411126647848459674,MPU6515 Accelerometer,0.5745392,-0.123916626,10.594788
1411126647853830768,MPU6515 Accelerometer,0.6221466,-0.040603638,10.542419
1411126647858316852,MPU6515 Accelerometer,0.88160706,0.06175232,10.499573
1411126647863260700,MPU6515 Accelerometer,1.0434723,0.16648865,10.280579
1411126647868204547,MPU6515 Accelerometer,1.0125275,0.3021698,9.97113
1411126647873117877,MPU6515 Accelerometer,0.9673004,0.45451355,9.6640625
1411126647869516803,MPU6515 Gyroscope,0.15544128,0.029129028,0.0053863525
1411126647878061725,MPU6515 Accelerometer,1.0196686,0.6139984,9.430786
1411126647883371784,MPU6515 Accelerometer,1.4076691,0.43785095,9.699768
1411126647887918903,MPU6515 Accelerometer,1.5338287,0.18077087,10.440063
1411126647892862750,MPU6515 Accelerometer,1.3053131,0.0712738,10.787598
1411126647897806598,MPU6515 Accelerometer,1.0196686,0.12602234,10.520996
1411126647902750446,MPU6515 Accelerometer,0.84828186,0.2283783,10.142517
1411126647907694293,MPU6515 Accelerometer,0.96492004,0.38310242,9.814026
1411126647912973834,MPU6515 Accelerometer,1.0363312,0.40690613,9.426025
1411126647917551471,MPU6515 Accelerometer,1.0791779,0.2855072,9.380798
1411126647922464801,MPU6515 Accelerometer,1.0791779,0.23789978,9.402222
1411126647927439166,MPU6515 Accelerometer,1.1458282,0.23075867,9.376038
1411126647932352497,MPU6515 Accelerometer,1.1148834,0.21885681,9.442688
1411126647937296344,MPU6515 Accelerometer,0.8625641,0.14030457,9.5997925
1411126647942606403,MPU6515 Accelerometer,0.80781555,0.06651306,9.642639
1411126647936167194,MPU6515 Gyroscope,0.1955719,-0.2230835,0.096832275
1411126647947153522,MPU6515 Accelerometer,0.919693,0.07841492,9.735474
1411126647952097370,MPU6515 Accelerometer,0.9292145,0.054611206,9.742615
1411126647957041217,MPU6515 Accelerometer,0.8839874,0.056991577,9.623596
1411126647961954547,MPU6515 Accelerometer,0.6864166,0.02128601,9.699768
1411126647966898395,MPU6515 Accelerometer,0.605484,0.011764526,9.659302
1411126647972238971,MPU6515 Accelerometer,0.63404846,-0.014419556,9.859253
1411126647976786090,MPU6515 Accelerometer,0.7030792,-0.10725403,10.023499
1411126647981699420,MPU6515 Accelerometer,0.71022034,-0.2167511,10.182983
1411126647986643268,MPU6515 Accelerometer,0.73402405,-0.25245667,10.235352
1411126647991587116,MPU6515 Accelerometer,0.75782776,-0.23579407,10.242493
1411126647996530963,MPU6515 Accelerometer,0.76734924,-0.21199036,10.185364
1411126648001841022,MPU6515 Accelerometer,0.69117737,-0.14772034,10.168701
1411126648006388141,MPU6515 Accelerometer,0.6411896,-0.16200256,10.056824
1411126648002817584,MPU6515 Gyroscope,0.04927063,-0.13850403,-0.032836914
1411126648011331989,MPU6515 Accelerometer,0.6411896,-0.16914368,9.963989
1411126648016275836,MPU6515 Accelerometer,0.688797,-0.18580627,9.799744
1411126648021189166,MPU6515 Accelerometer,0.69117737,-0.17866516,9.752136
1411126648026133014,MPU6515 Accelerometer,0.57691956,-0.11439514,9.730713
1411126648031443073,MPU6515 Accelerometer,0.70069885,0.004623413,9.5164795
1411126648036020709,MPU6515 Accelerometer,0.92207336,0.21885681,9.314148
1411126648040934039,MPU6515 Accelerometer,1.022049,0.29264832,9.195129
1411126648045877887,MPU6515 Accelerometer,1.0767975,0.27360535,9.2855835
1411126648050821735,MPU6515 Accelerometer,1.150589,0.27122498,9.530762
1411126648055735065,MPU6515 Accelerometer,1.2291412,0.23075867,9.804504
1411126648061045123,MPU6515 Accelerometer,1.2553253,0.13316345,10.068726
1411126648065622760,MPU6515 Accelerometer,1.1981964,0.07841492,10.285339
1411126648070566608,MPU6515 Accelerometer,1.1172638,0.052230835,10.29248
1411126648075479938,MPU6515 Accelerometer,1.1101227,0.002243042,10.249634
1411126648069467975,MPU6515 Gyroscope,-0.111312866,0.062164307,-0.12521362
1411126648080423786,MPU6515 Accelerometer,1.0125275,-0.050125122,10.152039
1411126648085367633,MPU6515 Accelerometer,1.003006,-0.07392883,9.909241
1411126648090647174,MPU6515 Accelerometer,1.0315704,-0.052505493,9.7473755
1411126648095224811,MPU6515 Accelerometer,0.97206116,-0.08345032,9.680725
1411126648100168659,MPU6515 Accelerometer,0.89112854,-0.10725403,9.625977
1411126648105112506,MPU6515 Accelerometer,0.7959137,-0.078689575,9.614075
1411126648110056354,MPU6515 Accelerometer,0.77211,-0.09535217,9.549805
1411126648114969684,MPU6515 Accelerometer,0.78401184,-0.08821106,9.523621
1411126648120279743,MPU6515 Accelerometer,0.7625885,-0.08106995,9.697388
1411126648124826862,MPU6515 Accelerometer,0.7935333,-0.033462524,9.616455
1411126648129770709,MPU6515 Accelerometer,0.86494446,-0.016799927,9.642639
1411126648134714557,MPU6515 Accelerometer,0.90541077,-0.078689575,9.752136
1411126648139658405,MPU6515 Accelerometer,0.88160706,-0.09535217,9.847351
1411126648136118366,MPU6515 Gyroscope,-0.05241394,-0.048797607,-0.046203613
1411126648144571735,MPU6515 Accelerometer,0.93159485,0.01890564,9.899719
1411126648149881793,MPU6515 Accelerometer,1.0506134,0.104599,9.787842
1411126648154520465,MPU6515 Accelerometer,1.1458282,0.23789978,9.695007
1411126648159403278,MPU6515 Accelerometer,1.2243805,0.2783661,9.718811
1411126648164316608,MPU6515 Accelerometer,1.252945,0.34977722,9.540283
1411126648169260456,MPU6515 Accelerometer,1.1839142,0.3854828,9.604553
1411126648174204303,MPU6515 Accelerometer,1.2172394,0.31407166,9.730713
1411126648179514362,MPU6515 Accelerometer,1.2624664,0.252182,9.806885
1411126648184061481,MPU6515 Accelerometer,1.2743683,0.2283783,9.854492
1411126648189005329,MPU6515 Accelerometer,1.2100983,0.18077087,9.883057
1411126648193949176,MPU6515 Accelerometer,1.1553497,0.11174011,9.764038
1411126648202768756,MPU6515 Gyroscope,-0.11953735,0.056381226,-0.01184082
1411126648248911334,MPU6515 Accelerometer,0.753067,-0.040603638,9.785461
1411126648269052936,MPU6515 Accelerometer,0.9458771,-0.040603638,10.073486
1411126648288370563,MPU6515 Accelerometer,0.8697052,0.007003784,9.742615
1411126648269419147,MPU6515 Gyroscope,-0.17475891,0.17848206,-0.052108765
1411126648308115436,MPU6515 Accelerometer,0.8292389,-0.21913147,10.083008
1411126648328226520,MPU6515 Accelerometer,0.63642883,-0.25959778,9.77356
1411126648347635700,MPU6515 Accelerometer,0.60310364,-0.3809967,9.875916
1411126648336069538,MPU6515 Gyroscope,-0.13137817,0.10612488,-0.06796265
1411126648367350055,MPU6515 Accelerometer,0.78401184,-0.5476227,9.96637
1411126648387430622,MPU6515 Accelerometer,0.6483307,-0.7689972,10.135376
1411126648406168414,MPU6515 Accelerometer,0.75068665,-0.48573303,10.052063
1411126648402719928,MPU6515 Gyroscope,-0.033050537,0.10656738,-0.0039367676
1411126648426554157,MPU6515 Accelerometer,0.95539856,-0.17866516,10.068726
1411126648446665241,MPU6515 Accelerometer,0.74354553,-0.014419556,9.77594
1411126648466104938,MPU6515 Accelerometer,0.6649933,0.10221863,9.45459
1411126648485758258,MPU6515 Accelerometer,0.74354553,0.38310242,9.499817
1411126648469370319,MPU6515 Gyroscope,0.09831238,-0.101867676,0.09738159
1411126648505228473,MPU6515 Accelerometer,0.9768219,0.33073425,9.764038
1411126648525248004,MPU6515 Accelerometer,0.99586487,0.2855072,9.816406
1411126648544992877,MPU6515 Accelerometer,0.64356995,0.11174011,9.809265
1411126648536020709,MPU6515 Gyroscope,-0.051193237,-0.0060424805,0.0064849854
1411126648565103961,MPU6515 Accelerometer,0.4079132,0.054611206,9.90448
1411126648584482623,MPU6515 Accelerometer,0.7221222,-0.0929718,10.180603
1411126648603586627,MPU6515 Accelerometer,0.6816559,-0.3143463,9.999695
1411126648624338581,MPU6515 Accelerometer,0.70783997,-0.4547882,9.937805
1411126648602671100,MPU6515 Gyroscope,-0.043640137,0.03111267,0.008956909
1411126648643717243,MPU6515 Accelerometer,0.96492004,-0.31910706,9.656921
1411126648663004352,MPU6515 Accelerometer,0.9292145,-0.31672668,9.528381
1411126648683603717,MPU6515 Accelerometer,1.0839386,-0.2667389,9.495056
1411126648669321491,MPU6515 Gyroscope,0.025787354,0.018936157,0.17466736
1411126648702921344,MPU6515 Accelerometer,1.1624908,-0.28816223,9.423645
1411126648722666217,MPU6515 Accelerometer,0.99586487,-0.06678772,9.549805
1411126648742777301,MPU6515 Accelerometer,0.8220978,-0.09535217,9.673584
1411126648735971881,MPU6515 Gyroscope,-0.040771484,0.013641357,0.17733765
1411126648762125446,MPU6515 Accelerometer,0.69117737,0.023666382,9.604553
1411126648781870319,MPU6515 Accelerometer,0.6459503,-0.1096344,9.923523
1411126648801310016,MPU6515 Accelerometer,0.8197174,-0.04536438,10.182983
1411126648821360065,MPU6515 Accelerometer,0.55311584,-0.033462524,9.952087
1411126648802622272,MPU6515 Gyroscope,-0.03791809,0.13935852,0.022918701
1411126648841074420,MPU6515 Accelerometer,0.33650208,-0.16200256,10.03302
1411126648861185504,MPU6515 Accelerometer,0.4983673,-0.19770813,9.949707
1411126648880533649,MPU6515 Accelerometer,0.5578766,-0.20484924,9.794983
1411126648869272663,MPU6515 Gyroscope,0.13072205,0.068344116,-0.008605957
1411126648900400592,MPU6515 Accelerometer,0.54597473,-0.25483704,9.673584
1411126648920420123,MPU6515 Accelerometer,0.4650421,-0.12867737,9.642639
1411126648939676715,MPU6515 Accelerometer,0.624527,-0.038223267,9.868774
1411126648935923053,MPU6515 Gyroscope,0.09515381,0.035125732,-0.006515503
1411126648959482623,MPU6515 Accelerometer,0.6578522,0.09269714,9.916382
1411126648979593707,MPU6515 Accelerometer,0.6078644,0.10935974,9.818787
1411126648998300983,MPU6515 Accelerometer,0.53645325,0.10221863,9.880676
1411126649018686725,MPU6515 Accelerometer,0.72688293,0.07841492,9.861633
1411126649002573444,MPU6515 Gyroscope,-0.033493042,0.03715515,-0.029846191
1411126649038797809,MPU6515 Accelerometer,0.5483551,-0.07154846,9.735474
1411126649058237506,MPU6515 Accelerometer,0.3341217,-0.1429596,9.6640625
1411126649077921344,MPU6515 Accelerometer,0.5174103,-0.18818665,9.766418
1411126649069223834,MPU6515 Gyroscope,-0.01625061,0.073287964,-0.0074310303
1411126649098001911,MPU6515 Accelerometer,0.6292877,-0.10725403,9.925903
1411126649117380573,MPU6515 Accelerometer,0.5245514,-0.18818665,9.692627
1411126649137125446,MPU6515 Accelerometer,0.41029358,-0.22627258,9.445068
1411126649157236530,MPU6515 Accelerometer,0.5340729,-0.123916626,9.64502
1411126649135874225,MPU6515 Gyroscope,0.02154541,0.063430786,0.032089233
1411126649176615192,MPU6515 Accelerometer,0.5650177,-0.050125122,9.875916
1411126649195658161,MPU6515 Accelerometer,0.57691956,-0.016799927,9.866394
1411126649216440631,MPU6515 Accelerometer,0.46266174,-0.15248108,9.799744
1411126649202524616,MPU6515 Gyroscope,0.014633179,0.057662964,0.0368042
1411126649235788776,MPU6515 Accelerometer,0.44361877,-0.19532776,9.892578
1411126649255533649,MPU6515 Accelerometer,0.34840393,-0.07154846,10.080627
1411126649275797321,MPU6515 Accelerometer,0.28889465,-0.22627258,10.211548
1411126649269175006,MPU6515 Gyroscope,0.06121826,0.07321167,0.015960693
1411126649294992877,MPU6515 Accelerometer,0.29841614,-0.22627258,10.075867
1411126649314737750,MPU6515 Accelerometer,0.30793762,-0.04536438,9.685486
1411126649334848834,MPU6515 Accelerometer,0.5007477,0.06413269,10.044922
1411126649354258014,MPU6515 Accelerometer,0.36506653,0.007003784,10.302002
1411126649335825397,MPU6515 Gyroscope,0.15419006,0.04777527,-0.023391724
1411126649373941852,MPU6515 Accelerometer,0.21986389,-1.373291E-4,9.692627
1411126649393381549,MPU6515 Accelerometer,0.42219543,0.097457886,9.766418
1411126649413401081,MPU6515 Accelerometer,0.4650421,0.28074646,10.078247
1411126649402475788,MPU6515 Gyroscope,0.101242065,0.016540527,-0.008483887
1411126649433145954,MPU6515 Accelerometer,0.36982727,0.39024353,10.113953
1411126649453257038,MPU6515 Accelerometer,0.10084534,0.3188324,10.173462
1411126649472666217,MPU6515 Accelerometer,0.12940979,0.2783661,9.830688
1411126649469126178,MPU6515 Gyroscope,-0.011749268,0.038757324,0.02658081
1411126649492380573,MPU6515 Accelerometer,0.310318,0.14030457,9.625977
1411126649512003375,MPU6515 Accelerometer,0.48408508,0.36405945,9.333191
1411126649531809284,MPU6515 Accelerometer,0.11274719,-0.038223267,10.240112
1411126649551554157,MPU6515 Accelerometer,0.23652649,0.007003784,10.09491
1411126649535776569,MPU6515 Gyroscope,-0.03604126,-0.0031585693,0.028060913
1411126649571665241,MPU6515 Accelerometer,0.18177795,0.05937195,9.830688
1411126649590372516,MPU6515 Accelerometer,0.23176575,0.09269714,10.075867
1411126649610239459,MPU6515 Accelerometer,0.25080872,0.104599,9.84259
1411126649602426959,MPU6515 Gyroscope,-0.095718384,0.0287323,0.017227173
1411126649630869342,MPU6515 Accelerometer,0.3507843,0.009384155,9.316528
1411126649650217487,MPU6515 Accelerometer,0.077041626,-0.097732544,9.704529
1411126649670023395,MPU6515 Accelerometer,0.26985168,-0.04774475,9.764038
1411126649690103961,MPU6515 Accelerometer,0.4340973,-0.06678772,9.64978
1411126649669077350,MPU6515 Gyroscope,0.083862305,0.0012512207,3.0517578E-4
1411126649709482623,MPU6515 Accelerometer,0.29127502,-0.0096588135,9.618835
1411126649729166461,MPU6515 Accelerometer,0.14845276,-0.119155884,9.897339
1411126649749277545,MPU6515 Accelerometer,0.17463684,-0.06916809,9.933044
1411126649735727741,MPU6515 Gyroscope,-0.02407837,0.06781006,-0.025131226
1411126649768656207,MPU6515 Accelerometer,0.19367981,0.04270935,10.092529
1411126649787699176,MPU6515 Accelerometer,0.2841339,0.06651306,10.252014
1411126649808542682,MPU6515 Accelerometer,0.40315247,-0.0096588135,9.871155
1411126649802378131,MPU6515 Gyroscope,-0.0016326904,0.02947998,0.0036010742
1411126649827860309,MPU6515 Accelerometer,-0.008651733,-0.14533997,9.794983
1411126649847574664,MPU6515 Accelerometer,0.21272278,-0.057266235,9.999695
1411126649867807819,MPU6515 Accelerometer,0.42219543,0.052230835,10.083008
1411126649887033893,MPU6515 Accelerometer,0.26509094,0.09031677,9.785461
1411126649869028522,MPU6515 Gyroscope,-0.023406982,0.049072266,0.059020996
1411126649906778766,MPU6515 Accelerometer,0.3269806,0.023666382,9.873535
1411126649926859332,MPU6515 Accelerometer,0.4079132,0.18553162,10.154419
1411126649945780231,MPU6515 Accelerometer,0.37934875,0.14030457,9.818787
1411126649935678913,MPU6515 Gyroscope,-0.06947327,0.013153076,0.024612427
1411126649965952350,MPU6515 Accelerometer,0.1865387,0.035568237,9.963989
1411126649986307575,MPU6515 Accelerometer,0.14369202,-0.031082153,9.925903
1411126650005442096,MPU6515 Accelerometer,0.13893127,0.118881226,9.937805
1411126650002329303,MPU6515 Gyroscope,-0.023101807,-0.0262146,-0.025756836
1411126650025217487,MPU6515 Accelerometer,0.31269836,0.1617279,9.854492
1411126650045328571,MPU6515 Accelerometer,0.30555725,0.076034546,9.733093
1411126650064707233,MPU6515 Accelerometer,0.22462463,0.06889343,9.64978
1411126650084360553,MPU6515 Accelerometer,0.26985168,0.14030457,9.692627
1411126650068979694,MPU6515 Gyroscope,0.056015015,-0.022460938,0.0037078857
1411126650104471637,MPU6515 Accelerometer,0.20796204,0.10221863,9.802124
1411126650123850299,MPU6515 Accelerometer,0.14845276,0.073654175,9.71167
1411126650143625690,MPU6515 Accelerometer,0.1532135,-0.026321411,9.911621
1411126650135630084,MPU6515 Gyroscope,-0.0056152344,-0.0023498535,-9.1552734E-4
1411126650163706256,MPU6515 Accelerometer,0.2531891,0.047470093,9.766418
1411126650182383014,MPU6515 Accelerometer,0.19129944,-0.050125122,9.914001
1411126650202799274,MPU6515 Accelerometer,0.15083313,-0.012039185,9.787842
1411126650222910358,MPU6515 Accelerometer,0.3341217,0.02128601,9.8949585
1411126650202280475,MPU6515 Gyroscope,0.011810303,0.0018463135,0.011993408
1411126650242350055,MPU6515 Accelerometer,0.3269806,0.054611206,9.785461
1411126650262094928,MPU6515 Accelerometer,0.23176575,0.06651306,9.84259
1411126650281443073,MPU6515 Accelerometer,0.21272278,-0.031082153,9.809265
1411126650268930866,MPU6515 Gyroscope,0.039413452,0.00831604,0.008605957
1411126650301462604,MPU6515 Accelerometer,0.26509094,0.02128601,9.892578
1411126650321207477,MPU6515 Accelerometer,0.25556946,0.04032898,9.9592285
1411126650341318561,MPU6515 Accelerometer,0.2531891,0.06889343,9.990173
1411126650335581256,MPU6515 Gyroscope,-3.3569336E-4,0.020614624,-0.007904053
1411126650360697223,MPU6515 Accelerometer,0.28175354,0.030807495,9.77832
1411126650379740192,MPU6515 Accelerometer,0.20558167,0.026046753,9.780701
1411126650400492145,MPU6515 Accelerometer,0.3341217,0.10935974,9.849731
1411126650419870807,MPU6515 Accelerometer,0.2841339,0.15934753,9.914001
1411126650402231647,MPU6515 Gyroscope,0.01626587,-0.011657715,-0.00340271
1411126650439585163,MPU6515 Accelerometer,0.19844055,0.076034546,9.909241
1411126650459574176,MPU6515 Accelerometer,0.19129944,0.08079529,9.740234
1411126650479105426,MPU6515 Accelerometer,0.2103424,0.14982605,9.835449
1411126650468882038,MPU6515 Gyroscope,-5.493164E-4,0.0027770996,-0.0078125
1411126650498819782,MPU6515 Accelerometer,0.31269836,0.13078308,10.140137
1411126650518961383,MPU6515 Accelerometer,0.3674469,0.073654175,9.868774
1411126650538279010,MPU6515 Accelerometer,0.23414612,0.10697937,9.716431
1411126650535532428,MPU6515 Gyroscope,0.009490967,-0.033966064,-0.0040130615
1411126650558023883,MPU6515 Accelerometer,0.28175354,0.076034546,9.954468
1411126650578348590,MPU6515 Accelerometer,0.33888245,0.06889343,9.90448
1411126650597544147,MPU6515 Accelerometer,0.2769928,0.073654175,9.935425
1411126650617319538,MPU6515 Accelerometer,0.27937317,0.097457886,9.875916
1411126650602182819,MPU6515 Gyroscope,-0.025878906,-0.016311646,-0.012893677
1411126650637339069,MPU6515 Accelerometer,0.28651428,0.12602234,9.887817
1411126650656748248,MPU6515 Accelerometer,0.25794983,0.116500854,9.847351
1411126650676493122,MPU6515 Accelerometer,0.26271057,0.08317566,9.859253
1411126650668833209,MPU6515 Gyroscope,0.021057129,-0.013046265,-0.0073547363
1411126650696573688,MPU6515 Accelerometer,0.31507874,0.0879364,9.947327
1411126650715891315,MPU6515 Accelerometer,0.26509094,0.09031677,9.723572
1411126650735666706,MPU6515 Accelerometer,0.14369202,0.014144897,9.756897
1411126650755747272,MPU6515 Accelerometer,0.21748352,0.076034546,9.928284
1411126650735483600,MPU6515 Gyroscope,0.023254395,-0.0101623535,-0.0032806396
1411126650774454547,MPU6515 Accelerometer,0.25794983,0.1212616,9.844971
1411126650794870807,MPU6515 Accelerometer,0.31269836,0.11174011,9.716431
1411126650814981891,MPU6515 Accelerometer,0.2032013,0.10935974,9.830688
1411126650802133991,MPU6515 Gyroscope,-0.011962891,0.015182495,0.005264282
1411126650834360553,MPU6515 Accelerometer,0.33650208,0.104599,9.849731
1411126650854105426,MPU6515 Accelerometer,0.3341217,0.116500854,9.792603
1411126650874155475,MPU6515 Accelerometer,0.3436432,0.17601013,9.780701
1411126650868784381,MPU6515 Gyroscope,0.017303467,-0.010971069,0.018371582
1411126650893534137,MPU6515 Accelerometer,0.30317688,0.13316345,9.849731
1411126650913279010,MPU6515 Accelerometer,0.23890686,0.056991577,9.947327
1411126650933390094,MPU6515 Accelerometer,0.23414612,0.14030457,9.768799
1411126650952616168,MPU6515 Accelerometer,0.2103424,0.095077515,9.975891
1411126650935434772,MPU6515 Gyroscope,-0.02079773,0.01550293,-0.0118255615
1411126650971811725,MPU6515 Accelerometer,0.22224426,0.030807495,10.052063
1411126650992594196,MPU6515 Accelerometer,0.35792542,-0.0025177002,10.016357
1411126651011942340,MPU6515 Accelerometer,0.2841339,0.076034546,9.642639
1411126651002085163,MPU6515 Gyroscope,-0.010192871,0.029296875,-0.030059814
1411126651031748248,MPU6515 Accelerometer,0.22938538,-0.0048980713,9.878296
1411126651051798297,MPU6515 Accelerometer,0.31507874,0.09983826,9.818787
1411126651071207477,MPU6515 Accelerometer,0.32936096,0.011764526,10.013977
1411126651068735553,MPU6515 Gyroscope,0.023513794,0.0014953613,-0.015991211
1411126651090891315,MPU6515 Accelerometer,0.16511536,0.09269714,9.90686
1411126651110971881,MPU6515 Accelerometer,0.098464966,0.09031677,9.752136
1411126651130350543,MPU6515 Accelerometer,0.28651428,0.09983826,9.923523
1411126651150095416,MPU6515 Accelerometer,0.51026917,0.13554382,9.935425
1411126651135385944,MPU6515 Gyroscope,-0.024597168,0.0031280518,0.011962891
1411126651169535114,MPU6515 Accelerometer,0.3341217,0.07841492,9.897339
1411126651189554645,MPU6515 Accelerometer,0.17463684,0.15220642,9.790222
1411126651209299518,MPU6515 Accelerometer,0.25556946,0.1379242,9.725952
1411126651202036334,MPU6515 Gyroscope,-0.019805908,-0.024215698,-0.006668091
1411126651228769733,MPU6515 Accelerometer,0.42933655,0.16410828,9.930664
1411126651248758747,MPU6515 Accelerometer,0.3007965,0.12840271,9.9021
1411126651268564655,MPU6515 Accelerometer,0.16273499,0.076034546,9.637878
1411126651288675739,MPU6515 Accelerometer,0.23414612,0.13316345,9.635498
1411126651268686725,MPU6515 Gyroscope,0.05116272,-0.0056762695,-0.007598877
1411126651307962848,MPU6515 Accelerometer,0.3341217,0.10221863,9.949707
1411126651327677204,MPU6515 Accelerometer,0.30555725,0.08317566,10.006836
1411126651347269489,MPU6515 Accelerometer,0.15083313,0.14982605,9.723572
1411126651335337116,MPU6515 Gyroscope,0.002090454,0.0063171387,-0.0073242188
1411126651366556598,MPU6515 Accelerometer,0.23414612,0.030807495,9.866394
1411126651386301471,MPU6515 Accelerometer,0.35316467,0.08555603,10.059204
1411126651406412555,MPU6515 Accelerometer,0.23652649,0.116500854,9.9782715
1411126651401987506,MPU6515 Gyroscope,-0.048477173,0.016189575,0.003250122
1411126651425760700,MPU6515 Accelerometer,0.17463684,0.09983826,9.868774
1411126651445505573,MPU6515 Accelerometer,0.32936096,-0.04536438,9.77594
1411126651465677692,MPU6515 Accelerometer,0.46028137,0.004623413,9.744995
1411126651484964801,MPU6515 Accelerometer,0.3174591,0.073654175,9.749756
1411126651468637897,MPU6515 Gyroscope,0.022109985,-0.021987915,0.004058838
1411126651504709674,MPU6515 Accelerometer,0.12940979,0.02128601,9.716431
1411126651524790241,MPU6515 Accelerometer,0.16035461,0.116500854,9.692627
1411126651544168903,MPU6515 Accelerometer,0.2531891,0.12602234,9.885437
1411126651535288288,MPU6515 Gyroscope,0.0154418945,-0.0054626465,-0.008651733
1411126651563913776,MPU6515 Accelerometer,0.2769928,0.047470093,9.83783
1411126651583994342,MPU6515 Accelerometer,0.14369202,0.02128601,9.742615
1411126651603373004,MPU6515 Accelerometer,0.2436676,0.16410828,9.70929
1411126651623117877,MPU6515 Accelerometer,0.2841339,0.073654175,9.897339
1411126651601938678,MPU6515 Gyroscope,-0.0013275146,0.0062408447,-0.009002686
1411126651643198444,MPU6515 Accelerometer,0.25794983,0.0879364,9.780701
